Experiment0: Show confusion matrix
[94m>>  Confusion Matrix  <<[0m
[[ 0.344  0.158]
 [ 0.118  0.38 ]]

Experiment1: Verify relationship between t-values & TP rate
[94m>>  TTP 100~150  <<[0m
[[ 692.86237119    0.46802   ]
 [ 731.68665659    0.46524   ]
 [ 631.8368186     0.4574    ]
 [ 667.31693726    0.45352   ]
 [ 625.83457629    0.44876   ]
 [ 582.85367453    0.4433    ]
 [ 567.83818811    0.42998   ]
 [ 541.8193447     0.42464   ]
 [ 514.37843443    0.41654   ]
 [ 460.08806243    0.40546   ]
 [ 448.10124791    0.39578   ]
 [ 427.24624425    0.38244   ]
 [ 346.54719543    0.3719    ]
 [ 375.02296864    0.35828   ]
 [ 337.47561638    0.34992   ]
 [ 272.18037188    0.3337    ]
 [ 276.3357444     0.32198   ]
 [ 250.19150992    0.31286   ]
 [ 215.63434926    0.30072   ]
 [ 184.39780726    0.28768   ]
 [ 146.18814293    0.27522   ]
 [ 123.76492007    0.27016   ]
 [  91.08568351    0.25932   ]
 [  60.01176492    0.25596   ]
 [  27.47582583    0.25102   ]]

692.862371187,0.46802
731.686656587,0.46524
631.836818604,0.4574
667.31693726,0.45352
625.834576291,0.44876
582.853674525,0.4433
567.838188109,0.42998
541.819344703,0.42464
514.378434432,0.41654
460.08806243,0.40546
448.101247914,0.39578
427.246244254,0.38244
346.547195428,0.3719
375.02296864,0.35828
337.475616385,0.34992
272.180371882,0.3337
276.335744405,0.32198
250.191509923,0.31286
215.634349264,0.30072
184.397807262,0.28768
146.188142933,0.27522
123.76492007,0.27016
91.085683507,0.25932
60.0117649164,0.25596
27.4758258274,0.25102

[94m>>  TTP 250~300  <<[0m
[[ 776.75220374    0.47526   ]
 [ 719.30575408    0.47      ]
 [ 685.63292463    0.4664    ]
 [ 676.79541948    0.46118   ]
 [ 636.68810687    0.46124   ]
 [ 603.08756762    0.45816   ]
 [ 625.20798574    0.45502   ]
 [ 634.96956206    0.45274   ]
 [ 623.66151882    0.4467    ]
 [ 584.34561169    0.44488   ]
 [ 569.85906986    0.4396    ]
 [ 564.75550363    0.43984   ]
 [ 577.49782558    0.43324   ]
 [ 568.58087126    0.42832   ]
 [ 549.49295632    0.4233    ]
 [ 529.54047795    0.41914   ]
 [ 510.8860678     0.41656   ]
 [ 485.30006986    0.41584   ]
 [ 474.45134744    0.40682   ]
 [ 450.64230969    0.4021    ]
 [ 412.19228969    0.39808   ]
 [ 415.1501949     0.3901    ]
 [ 390.37362606    0.38302   ]
 [ 388.10455038    0.37962   ]
 [ 388.56526063    0.37302   ]
 [ 345.09481666    0.3675    ]
 [ 346.14991886    0.35822   ]
 [ 341.88419872    0.35578   ]
 [ 314.0986852     0.35026   ]
 [ 308.239415      0.34122   ]
 [ 293.7153198     0.33464   ]
 [ 283.52311564    0.32642   ]
 [ 243.36978711    0.32066   ]
 [ 259.70123921    0.317     ]
 [ 219.77033329    0.30998   ]
 [ 218.34010279    0.30566   ]
 [ 211.03785856    0.29616   ]
 [ 190.52525057    0.29182   ]
 [ 175.4639661     0.28542   ]
 [ 168.44570067    0.27938   ]
 [ 123.99379289    0.27692   ]
 [ 128.81363373    0.26914   ]
 [ 116.74171572    0.27256   ]
 [ 101.51732062    0.26228   ]
 [  78.81115681    0.25876   ]
 [  75.614806      0.26072   ]
 [  53.56412405    0.25312   ]
 [  43.69131803    0.25254   ]
 [  31.54146515    0.25292   ]
 [  12.86859773    0.25068   ]]

776.752203738,0.47526
719.305754083,0.47
685.632924632,0.4664
676.795419478,0.46118
636.688106868,0.46124
603.087567617,0.45816
625.207985739,0.45502
634.969562063,0.45274
623.661518819,0.4467
584.345611687,0.44488
569.859069863,0.4396
564.755503632,0.43984
577.497825581,0.43324
568.580871264,0.42832
549.492956322,0.4233
529.540477946,0.41914
510.886067798,0.41656
485.300069864,0.41584
474.451347435,0.40682
450.642309691,0.4021
412.192289685,0.39808
415.150194904,0.3901
390.373626058,0.38302
388.104550383,0.37962
388.565260631,0.37302
345.094816658,0.3675
346.149918856,0.35822
341.884198718,0.35578
314.098685196,0.35026
308.239414996,0.34122
293.715319805,0.33464
283.523115642,0.32642
243.369787108,0.32066
259.701239208,0.317
219.770333291,0.30998
218.340102789,0.30566
211.037858561,0.29616
190.525250569,0.29182
175.463966105,0.28542
168.445700675,0.27938
123.993792895,0.27692
128.813633732,0.26914
116.741715724,0.27256
101.517320623,0.26228
78.8111568102,0.25876
75.6148059973,0.26072
53.5641240464,0.25312
43.6913180348,0.25254
31.541465151,0.25292
12.868597725,0.25068

Experiment2: Linear & Non-Linaer for DT
[94m>>  TTP 100~150 linear  <<[0m
[[ 735.99009138    0.47014   ]
 [ 749.64122984    0.46366   ]
 [ 619.17532815    0.45762   ]
 [ 691.75188948    0.46062   ]
 [ 546.86485413    0.44788   ]
 [ 612.66525214    0.444     ]
 [ 544.60734385    0.43254   ]
 [ 533.96834786    0.42488   ]
 [ 498.98472915    0.41492   ]
 [ 423.81901498    0.40728   ]
 [ 439.31288779    0.39404   ]
 [ 398.82033901    0.3845    ]
 [ 322.18608424    0.37348   ]
 [ 357.20457308    0.35676   ]
 [ 296.8274394     0.34654   ]
 [ 310.89872598    0.33718   ]
 [ 251.25283899    0.32474   ]
 [ 206.15114545    0.30956   ]
 [ 219.75618896    0.29812   ]
 [ 163.83236057    0.2851    ]
 [ 144.03003984    0.27554   ]
 [ 122.2574926     0.26672   ]
 [  89.78517768    0.26296   ]
 [  59.40000239    0.25544   ]
 [  29.44017905    0.251     ]]

735.990091375,0.47014
749.641229837,0.46366
619.175328153,0.45762
691.751889481,0.46062
546.864854128,0.44788
612.665252144,0.444
544.607343848,0.43254
533.968347864,0.42488
498.98472915,0.41492
423.81901498,0.40728
439.312887789,0.39404
398.820339006,0.3845
322.18608424,0.37348
357.204573084,0.35676
296.827439403,0.34654
310.898725984,0.33718
251.252838988,0.32474
206.151145447,0.30956
219.756188963,0.29812
163.832360565,0.2851
144.030039844,0.27554
122.257492601,0.26672
89.7851776802,0.26296
59.4000023886,0.25544
29.4401790454,0.251

[94m>>  TTP 100~150 non-linear  <<[0m
[[ 490.34254246    0.47108   ]
 [ 506.41377338    0.46636   ]
 [ 433.44177991    0.46026   ]
 [ 502.91524883    0.4566    ]
 [ 458.32964682    0.45022   ]
 [ 458.17467527    0.44172   ]
 [ 420.94114276    0.43306   ]
 [ 394.2991555     0.42452   ]
 [ 406.97947475    0.4166    ]
 [ 358.74658829    0.4087    ]
 [ 302.91855354    0.39728   ]
 [ 283.9477673     0.38766   ]
 [ 294.97940307    0.37304   ]
 [ 272.14225199    0.3634    ]
 [ 229.27636134    0.34946   ]
 [ 240.84076683    0.33772   ]
 [ 209.29711989    0.32284   ]
 [ 222.19872152    0.31194   ]
 [ 188.9589251     0.29818   ]
 [ 143.96691434    0.28692   ]
 [ 109.0841733     0.27834   ]
 [  99.10893999    0.26722   ]
 [  73.09508671    0.25914   ]
 [  52.05455196    0.25682   ]
 [  21.46083013    0.24856   ]]

490.342542457,0.47108
506.413773383,0.46636
433.441779912,0.46026
502.915248833,0.4566
458.329646822,0.45022
458.17467527,0.44172
420.941142759,0.43306
394.299155501,0.42452
406.979474748,0.4166
358.746588286,0.4087
302.91855354,0.39728
283.947767298,0.38766
294.979403073,0.37304
272.142251993,0.3634
229.276361338,0.34946
240.840766833,0.33772
209.297119892,0.32284
222.198721518,0.31194
188.958925096,0.29818
143.966914344,0.28692
109.084173299,0.27834
99.1089399921,0.26722
73.0950867114,0.25914
52.0545519567,0.25682
21.460830129,0.24856

Experiment3-1: Check influence of noise (10% noise)
[94m>>  TTP 100~150 no noise  <<[0m
[[ 690.24330343    0.4707    ]
 [ 603.34434705    0.46112   ]
 [ 597.32770055    0.4641    ]
 [ 635.77640463    0.45394   ]
 [ 601.96022204    0.4482    ]
 [ 560.61650674    0.43938   ]
 [ 517.24711891    0.43642   ]
 [ 498.41053914    0.42384   ]
 [ 519.18855219    0.41548   ]
 [ 491.25113171    0.40964   ]
 [ 394.80134105    0.39772   ]
 [ 421.37994109    0.38396   ]
 [ 403.51292477    0.37138   ]
 [ 372.68908381    0.36246   ]
 [ 319.50321038    0.34442   ]
 [ 295.60605329    0.34186   ]
 [ 275.00522776    0.32196   ]
 [ 224.28230319    0.3128    ]
 [ 181.20833883    0.30154   ]
 [ 169.05819556    0.28862   ]
 [ 137.17154735    0.27778   ]
 [ 118.78673944    0.2694    ]
 [  83.58137965    0.25974   ]
 [  63.24318572    0.25562   ]
 [  25.61525057    0.24886   ]]

690.243303431,0.4707
603.344347048,0.46112
597.327700554,0.4641
635.776404632,0.45394
601.960222039,0.4482
560.616506736,0.43938
517.247118913,0.43642
498.410539141,0.42384
519.188552193,0.41548
491.251131709,0.40964
394.801341054,0.39772
421.379941094,0.38396
403.512924767,0.37138
372.689083814,0.36246
319.503210376,0.34442
295.606053294,0.34186
275.005227764,0.32196
224.282303189,0.3128
181.208338826,0.30154
169.058195563,0.28862
137.171547347,0.27778
118.786739441,0.2694
83.5813796505,0.25974
63.2431857156,0.25562
25.6152505692,0.24886

[94m>>  TTP 100~150 with 0.1 noise  <<[0m
[[ 715.67493978    0.45023636]
 [ 713.15713089    0.44814545]
 [ 588.69997654    0.44096364]
 [ 651.18476701    0.43856364]
 [ 643.20749134    0.42909091]
 [ 581.68843214    0.42129091]
 [ 508.59154097    0.41505455]
 [ 494.31133141    0.40736364]
 [ 499.52860819    0.40198182]
 [ 451.4367267     0.39581818]
 [ 415.81662569    0.38374545]
 [ 420.94857443    0.37067273]
 [ 380.56668854    0.36030909]
 [ 367.18269012    0.3488    ]
 [ 335.92079892    0.34138182]
 [ 288.45609667    0.32834545]
 [ 274.50914284    0.31703636]
 [ 241.17880252    0.30730909]
 [ 187.0797329     0.29514545]
 [ 176.63553645    0.28556364]
 [ 139.63590112    0.2754    ]
 [ 124.14848909    0.26601818]
 [  87.79104068    0.25870909]
 [  61.31004974    0.2504    ]
 [  29.61733516    0.25045455]]

715.674939776,0.450236363636
713.157130893,0.448145454545
588.699976542,0.440963636364
651.184767013,0.438563636364
643.207491338,0.429090909091
581.688432139,0.421290909091
508.59154097,0.415054545455
494.311331411,0.407363636364
499.528608188,0.401981818182
451.436726698,0.395818181818
415.816625693,0.383745454545
420.948574425,0.370672727273
380.566688544,0.360309090909
367.182690124,0.3488
335.920798915,0.341381818182
288.456096675,0.328345454545
274.509142839,0.317036363636
241.17880252,0.307309090909
187.079732897,0.295145454545
176.635536447,0.285563636364
139.635901121,0.2754
124.148489086,0.266018181818
87.7910406824,0.258709090909
61.3100497445,0.2504
29.6173351578,0.250454545455

Experiment3-2: Check influence of noise (30% noise)
[94m>>  TTP 100~150 no noise  <<[0m
[[ 742.34112372    0.47236   ]
 [ 754.57332001    0.46672   ]
 [ 708.84820055    0.45708   ]
 [ 647.15297342    0.45264   ]
 [ 643.97635586    0.45028   ]
 [ 564.61179284    0.4419    ]
 [ 551.95484207    0.43364   ]
 [ 472.56967431    0.43142   ]
 [ 455.44529705    0.41734   ]
 [ 500.881288      0.40578   ]
 [ 437.78235152    0.3959    ]
 [ 390.22012765    0.38104   ]
 [ 397.24422698    0.37276   ]
 [ 344.10924707    0.36322   ]
 [ 320.72232796    0.35034   ]
 [ 290.76817427    0.33674   ]
 [ 263.60755259    0.3267    ]
 [ 250.25484082    0.3106    ]
 [ 211.94765998    0.29616   ]
 [ 169.22440095    0.288     ]
 [ 153.37832288    0.2754    ]
 [ 116.37489743    0.26928   ]
 [  85.4758863     0.26284   ]
 [  59.61548444    0.2553    ]
 [  26.29211756    0.25116   ]]

742.341123717,0.47236
754.573320014,0.46672
708.848200553,0.45708
647.152973418,0.45264
643.976355863,0.45028
564.611792838,0.4419
551.954842071,0.43364
472.569674308,0.43142
455.44529705,0.41734
500.881288001,0.40578
437.782351518,0.3959
390.220127654,0.38104
397.24422698,0.37276
344.109247071,0.36322
320.722327956,0.35034
290.768174274,0.33674
263.607552588,0.3267
250.254840822,0.3106
211.947659984,0.29616
169.224400948,0.288
153.378322883,0.2754
116.37489743,0.26928
85.4758863015,0.26284
59.6154844361,0.2553
26.2921175643,0.25116

[94m>>  TTP 100~150 with 0.3 noise  <<[0m
[[ 727.56758987    0.41798462]
 [ 703.15345975    0.41743077]
 [ 686.14575575    0.41256923]
 [ 643.05765027    0.40918462]
 [ 569.71287251    0.40398462]
 [ 625.00264098    0.39507692]
 [ 548.94956476    0.39070769]
 [ 535.71324312    0.38275385]
 [ 483.21746893    0.37650769]
 [ 503.92439336    0.36996923]
 [ 418.31517298    0.36013846]
 [ 398.29220711    0.35358462]
 [ 396.3407296     0.34433846]
 [ 341.87771216    0.33656923]
 [ 303.37657107    0.32809231]
 [ 275.47522819    0.31601538]
 [ 244.76759447    0.30553846]
 [ 238.95286447    0.29623077]
 [ 195.28363234    0.28901538]
 [ 166.09162659    0.27821538]
 [ 149.90747396    0.27109231]
 [ 108.02585289    0.26369231]
 [  78.315434      0.25621538]
 [  58.45881594    0.25141538]
 [  29.99325419    0.25223077]]

727.567589872,0.417984615385
703.153459746,0.417430769231
686.145755748,0.412569230769
643.057650268,0.409184615385
569.71287251,0.403984615385
625.002640979,0.395076923077
548.949564763,0.390707692308
535.713243122,0.382753846154
483.217468925,0.376507692308
503.924393356,0.369969230769
418.315172984,0.360138461538
398.292207106,0.353584615385
396.340729602,0.344338461538
341.877712155,0.336569230769
303.376571073,0.328092307692
275.47522819,0.316015384615
244.767594471,0.305538461538
238.952864473,0.296230769231
195.283632341,0.289015384615
166.091626593,0.278215384615
149.907473962,0.271092307692
108.025852889,0.263692307692
78.3154339998,0.256215384615
58.4588159441,0.251415384615
29.9932541897,0.252230769231

Experiment3-3: Check influence of noise (50% noise)
[94m>>  TTP 100~150 no noise  <<[0m
[[ 696.59454337    0.47334   ]
 [ 684.37466327    0.46676   ]
 [ 642.40545273    0.46294   ]
 [ 616.29016508    0.45308   ]
 [ 602.77397971    0.44812   ]
 [ 604.67941709    0.44232   ]
 [ 503.64866774    0.43378   ]
 [ 519.07559382    0.4258    ]
 [ 503.0442923     0.41664   ]
 [ 495.80822598    0.40902   ]
 [ 459.28581889    0.39434   ]
 [ 429.87371229    0.38546   ]
 [ 398.98018543    0.37254   ]
 [ 366.41212673    0.36006   ]
 [ 307.24930115    0.35188   ]
 [ 308.27132197    0.33392   ]
 [ 252.75892872    0.3221    ]
 [ 205.47488816    0.31242   ]
 [ 199.16659339    0.29704   ]
 [ 183.48016148    0.2879    ]
 [ 135.6969024     0.27716   ]
 [ 107.81599694    0.2701    ]
 [  85.28030792    0.25786   ]
 [  57.26832188    0.25524   ]
 [  29.78166758    0.25298   ]]

696.594543369,0.47334
684.374663271,0.46676
642.405452732,0.46294
616.290165076,0.45308
602.773979709,0.44812
604.67941709,0.44232
503.648667739,0.43378
519.075593823,0.4258
503.044292298,0.41664
495.808225975,0.40902
459.285818887,0.39434
429.873712293,0.38546
398.980185427,0.37254
366.412126734,0.36006
307.249301151,0.35188
308.271321974,0.33392
252.75892872,0.3221
205.474888158,0.31242
199.166593386,0.29704
183.480161475,0.2879
135.6969024,0.27716
107.815996945,0.2701
85.280307921,0.25786
57.2683218757,0.25524
29.7816675817,0.25298

[94m>>  TTP 100~150 with 0.5 noise  <<[0m
[[ 710.12572106    0.3914    ]
 [ 685.68598235    0.39297333]
 [ 723.3139655     0.39010667]
 [ 610.97948947    0.38594667]
 [ 639.99028539    0.38272   ]
 [ 592.69430912    0.37602667]
 [ 546.87244304    0.36997333]
 [ 503.58152497    0.36862667]
 [ 497.79090314    0.36229333]
 [ 462.87877475    0.35410667]
 [ 419.27219477    0.346     ]
 [ 403.51105853    0.33944   ]
 [ 399.08641589    0.33114667]
 [ 369.84502365    0.32442667]
 [ 314.80451912    0.31554667]
 [ 301.7751307     0.30873333]
 [ 241.8828401     0.29873333]
 [ 227.35690453    0.29217333]
 [ 203.25431255    0.28394667]
 [ 183.43357425    0.27508   ]
 [ 143.53548735    0.26918667]
 [ 118.02021629    0.26342667]
 [  88.89184973    0.25721333]
 [  59.81377429    0.25229333]
 [  32.44156863    0.25252   ]]

710.125721063,0.3914
685.685982354,0.392973333333
723.313965503,0.390106666667
610.979489475,0.385946666667
639.990285387,0.38272
592.694309117,0.376026666667
546.872443035,0.369973333333
503.581524973,0.368626666667
497.790903138,0.362293333333
462.878774747,0.354106666667
419.272194767,0.346
403.511058528,0.33944
399.086415889,0.331146666667
369.845023654,0.324426666667
314.804519121,0.315546666667
301.7751307,0.308733333333
241.882840096,0.298733333333
227.356904525,0.292173333333
203.254312546,0.283946666667
183.433574246,0.27508
143.535487347,0.269186666667
118.020216288,0.263426666667
88.8918497314,0.257213333333
59.8137742915,0.252293333333
32.4415686305,0.25252

Experiment4: Random Forest vs. Decision Tree (30% noise)
[94m>>  TTP 100~150 DT with 0.3 noise  <<[0m
[[ 756.59893179    0.39737333]
 [ 697.45884092    0.39114667]
 [ 687.09776873    0.39030667]
 [ 676.14762769    0.38478667]
 [ 599.50264474    0.38214667]
 [ 584.11555567    0.38134667]
 [ 531.29372345    0.37284   ]
 [ 537.2348874     0.36664   ]
 [ 490.15054918    0.36374667]
 [ 443.90557396    0.35382667]
 [ 438.80817156    0.34676   ]
 [ 377.90161845    0.33624   ]
 [ 396.80567485    0.33150667]
 [ 294.5320371     0.32373333]
 [ 332.25416117    0.31528   ]
 [ 312.21662213    0.30856   ]
 [ 278.3047694     0.29686667]
 [ 229.44960544    0.29429333]
 [ 187.62865426    0.28248   ]
 [ 170.34837061    0.27536   ]
 [ 133.50075613    0.27074667]
 [ 124.03780263    0.26116   ]
 [  87.55734572    0.25484   ]
 [  54.3750215     0.2542    ]
 [  26.95624378    0.2502    ]]

756.598931792,0.397373333333
697.458840919,0.391146666667
687.097768725,0.390306666667
676.147627689,0.384786666667
599.502644744,0.382146666667
584.115555671,0.381346666667
531.293723447,0.37284
537.234887398,0.36664
490.150549176,0.363746666667
443.905573958,0.353826666667
438.808171564,0.34676
377.901618453,0.33624
396.805674852,0.331506666667
294.532037102,0.323733333333
332.254161169,0.31528
312.216622126,0.30856
278.304769404,0.296866666667
229.449605439,0.294293333333
187.628654263,0.28248
170.348370606,0.27536
133.500756133,0.270746666667
124.037802633,0.26116
87.5573457195,0.25484
54.3750214984,0.2542
26.9562437801,0.2502

[94m>>  TTP 100~150 RF with 0.3 noise  <<[0m
[[ 685.13387635    0.41978667]
 [ 661.76362898    0.41293333]
 [ 705.68240644    0.41950667]
 [ 633.16327783    0.41205333]
 [ 579.65736153    0.40745333]
 [ 602.27987388    0.40168   ]
 [ 559.40921393    0.40036   ]
 [ 511.84734766    0.39548   ]
 [ 475.67104604    0.39461333]
 [ 408.6537349     0.38902667]
 [ 427.28024083    0.38116   ]
 [ 403.07508524    0.37645333]
 [ 396.98508697    0.37022667]
 [ 329.65488817    0.36509333]
 [ 318.79543643    0.35729333]
 [ 250.8461495     0.34577333]
 [ 254.1664464     0.34472   ]
 [ 226.08607877    0.33158667]
 [ 181.42285353    0.32648   ]
 [ 186.76684357    0.32124   ]
 [ 143.04481285    0.30568   ]
 [ 112.90316118    0.30304   ]
 [  90.97764087    0.29970667]
 [  59.42269122    0.29426667]
 [  31.0587403     0.28922667]]

685.133876353,0.419786666667
661.763628977,0.412933333333
705.682406436,0.419506666667
633.163277832,0.412053333333
579.657361534,0.407453333333
602.279873883,0.40168
559.409213933,0.40036
511.847347665,0.39548
475.671046042,0.394613333333
408.653734895,0.389026666667
427.280240834,0.38116
403.07508524,0.376453333333
396.985086974,0.370226666667
329.65488817,0.365093333333
318.795436431,0.357293333333
250.846149504,0.345773333333
254.166446404,0.34472
226.08607877,0.331586666667
181.422853525,0.32648
186.76684357,0.32124
143.04481285,0.30568
112.90316118,0.30304
90.9776408719,0.299706666667
59.4226912226,0.294266666667
31.0587402986,0.289226666667

